20240823063002
20240824061624
20240824101350
20240824235134
20240825061606
20240826004741
20240826102754
20240827023617
20240828034721
20240829032826
20240829043031
20240830052637
20240831080349
20240901013939
20240901231600
20240902032926
20240902044737
20240902221711
20240903050339
20240903215000
20240904065020
20240904224900
20240905112722
20240906122924
20240907122652
20240907132703
20240908135050
20240909112019
20240910125310
20240911133635
20240912121903
20240912144708
20240913032607
20240913155910
20240914135740
20240914164104
20240915094457
20240916215110
20240920133357
20240921033904
20240921061428
20240921141133
20240922153339
20240924192228
20240925204232
20240926191958
20240927194546
20240928213311
20240929075910
20240929231401
20241004165712
20241005185909
20241006181843
20241007084653
20241007204042
20241015022021
20241111225531
20241118183220
20250819095622
20250822211456
20250824192016
20250825032339
20250825194240
20250825225358
20250827150246
20250901135352
20250906142144
20260828165133